b_fc2_2 = -0.10759738

b_fc2_d_2 = 0.030973475
